Inceptionv4 Base loaded
Weights loaded
_________________________________________________________________
Layer (type)                 Output Shape              Param #   
=================================================================
input_1 (InputLayer)         (None, 299, 299, 3)       0         
_________________________________________________________________
inception_v4 (Model)         (None, 8, 8, 1536)        41174400  
_________________________________________________________________
model_1 (Model)              (None, 4)                 6148      
=================================================================
Total params: 41,180,548.0
Trainable params: 41,117,380.0
Non-trainable params: 63,168.0
_________________________________________________________________
None
49830
<class 'numpy.ndarray'>
[[[ 0.26274511  0.4509804   0.21568628]
  [ 0.29411766  0.43529412  0.24705882]
  [ 0.30588236  0.40392157  0.25098041]
  ..., 
  [ 0.27058825  0.30588236  0.3019608 ]
  [ 0.27058825  0.29019609  0.3019608 ]
  [ 0.29019609  0.29019609  0.32941177]]

 [[ 0.30980393  0.4509804   0.26274511]
  [ 0.29803923  0.41176471  0.23921569]
  [ 0.29019609  0.3882353   0.23137255]
  ..., 
  [ 0.24705882  0.28235295  0.27843139]
  [ 0.23137255  0.25490198  0.25490198]
  [ 0.24705882  0.24313726  0.26666668]]

 [[ 0.34901962  0.44313726  0.3019608 ]
  [ 0.32941177  0.41568628  0.26274511]
  [ 0.32941177  0.43137255  0.25490198]
  ..., 
  [ 0.25098041  0.27450982  0.27450982]
  [ 0.24705882  0.27058825  0.27058825]
  [ 0.28627452  0.28235295  0.3019608 ]]

 ..., 
 [[ 0.27058825  0.40000001  0.21568628]
  [ 0.27843139  0.40392157  0.21176471]
  [ 0.27450982  0.40000001  0.20392157]
  ..., 
  [ 0.3137255   0.48235294  0.45490196]
  [ 0.32549021  0.49411765  0.46666667]
  [ 0.32549021  0.50196081  0.47450981]]

 [[ 0.29411766  0.40784314  0.22745098]
  [ 0.28235295  0.39607844  0.21568628]
  [ 0.27058825  0.3882353   0.19215687]
  ..., 
  [ 0.36078432  0.51372552  0.50196081]
  [ 0.32549021  0.48627451  0.47058824]
  [ 0.3019608   0.46666667  0.4509804 ]]

 [[ 0.29411766  0.40784314  0.21960784]
  [ 0.27450982  0.3882353   0.2       ]
  [ 0.25882354  0.37254903  0.18431373]
  ..., 
  [ 0.41568628  0.54901963  0.5529412 ]
  [ 0.3764706   0.51372552  0.52156866]
  [ 0.35294119  0.50980395  0.50588238]]]
(681, 1024, 3)
(110,)
